-45.403400 -45.543359 -42.051639
-44.416523 -45.687157 -100.000000
-42.991471 -42.072925 -100.000000
-46.742203 -46.590977 -100.000000
-35.204789 -41.170047 -46.844781
-39.828589 -39.682107 -100.000000
-38.240520 -38.526564 -61.678003
-37.701257 -38.338787 -27.653624
-51.948240 -52.038528 -52.229627
-51.642258 -51.562291 -99.855952
-51.513718 -51.543719 -48.314250
-51.690641 -51.828867 -93.716185
-40.247742 -39.987647 -39.711181
-39.481597 -39.262844 -100.000000
-38.407680 -38.011721 -84.769893
-40.360330 -40.539864 -40.462846
-36.801896 -37.426793 -93.888861
-35.800629 -35.425491 -100.000000
-36.134254 -35.009074 -35.414077
-35.936475 -35.687677 -33.134363
-33.523661 -33.668313 -25.075545
-30.102720 -32.665156 -32.821963
-32.938882 -32.991868 -33.478198
-33.683873 -31.064082 -32.246504
-19.417636 -30.080292 -99.722507
-28.635280 -28.627408 -100.000000
-28.943165 -25.517788 -28.777039
-27.852640 -27.658976 -12.157384
-16.396241 -19.522699 1.129929
-8.766300 -22.603718 -27.729575
-19.861912 -22.638154 -27.482518
-23.818159 -5.603426 -23.568761
16.979568 -18.000754 -89.668520
-9.961676 -18.653252 -100.000000
-19.485026 -7.514346 -28.762597
-17.500514 -11.936120 34.563359
30.791591 -15.909379 -72.309821
-0.623745 -16.576596 -19.248000
-16.270021 17.730294 -17.409185
-0.993474 16.800642 46.511044
29.228128 0.498692 -80.408542
20.443190 7.088467 -17.770326
-13.180160 36.619527 -100.000000
24.704525 24.907812 62.462905
68.708727 72.679789 -100.000000
59.823650 95.490825 -19.590647
69.894524 72.027300 124.225169
93.251945 57.396146 -100.000000
30.412131 75.155486 -54.420162
70.776281 127.369232 -9.413131
89.000442 91.239831 176.297522
129.709644 49.822180 -100.000000
229.696036 152.220682 94.187700
186.983052 188.169041 -100.000000
149.862910 230.531038 69.816123
185.539172 183.452536 285.742888
-42.638616 -43.291781 -67.207863
-39.996769 -39.967655 -38.030068
-40.898543 -40.994879 -99.703697
-42.148777 -42.135949 -100.000000
-35.222285 -33.743468 -13.888355
-34.016564 -33.827534 -31.871332
-33.846982 -34.471614 -83.644379
-35.151898 -40.108894 -100.000000
-32.296090 -24.908102 3.302070
-24.893518 -24.931429 -30.556373
-24.875333 -24.957840 -80.244851
-24.875158 -24.352946 -100.000000
-37.246302 -37.133147 -100.000000
-35.129091 -35.335426 -35.330065
-36.886656 -37.257566 -99.816380
-38.099809 -37.924622 -18.640097
-23.747795 -25.899657 -100.000000
-25.691055 -25.947174 -31.768654
-25.746733 -25.924847 -100.000000
-25.712480 -26.176054 -3.988574
-27.059542 -24.238050 -83.998549
-24.184710 -22.073645 -28.153022
-24.117210 -6.985887 -91.824162
-22.803146 -18.905619 18.530343
-2.869752 -17.924766 -92.179529
-8.476793 -17.859318 -22.040379
-17.357375 3.086153 -98.012424
-10.868802 -2.710092 53.044457
24.983894 2.630051 117.455803
28.188828 -2.848865 -5.818648
-1.878325 30.362282 -92.979599
10.197015 87.788339 -100.000000
30.688325 31.990867 154.443715
34.949758 34.742279 -98.369136
37.895412 37.647129 37.508244
38.819530 61.409244 -99.997042
235.823585 130.684341 182.817354
161.974176 152.525496 -99.737495
134.771512 191.892153 83.794549
139.968788 162.359826 299.418913
